\begin{tikzpicture}[scale=1.5]
\begin{axis}[grid]
 \addplot[line width = 0.25mm, smooth, black] plot coordinates{
(0.05, nan) (0.15, 0.999152) (0.25, 0.996692) (0.35, 0.992504) (0.45, 0.986766) (0.55, 0.979391) (0.65, 0.970376) (0.75, 0.959875) (0.85, 0.94796) (0.95, 0.934555) (1.05, 0.9197) (1.15, 0.903597) (1.25, 0.886329) (1.35, 0.867835) (1.45, 0.848185) (1.55, 0.827597) (1.65, 0.806098) (1.75, 0.783856) (1.85, 0.760816) (1.95, 0.737066) (2.05, 0.712848) (2.15, 0.688192) (2.25, 0.663274) (2.35, 0.638042) (2.45, 0.612664) (2.55, 0.587156) (2.65, 0.561768) (2.75, 0.536518) (2.85, 0.511577) (2.95, 0.486873) (3.05, 0.462565) (3.15, 0.43865) (3.25, 0.415361) (3.35, 0.392693) (3.45, 0.370709) (3.55, 0.349556) (3.65, 0.329119) (3.75, 0.309528) (3.85, 0.290742) (3.95, 0.272962) (4.05, 0.25614) (4.15, 0.240383) (4.25, 0.225546) (4.35, 0.211721) (4.45, 0.198914) (4.55, 0.18704) (4.65, 0.176264) (4.75, 0.166491) (4.85, 0.157707) (4.95, 0.149978) (5.05, 0.143105)  };
 \addplot[smooth, dashed,black] plot coordinates{
(0.05, nan) (0.15, 0) (0.25, 0) (0.35, 0) (0.45, 0) (0.55, 0) (0.65, 0) (0.75, 0) (0.85, 0) (0.95, 0) (1.05, 0) (1.15, 0) (1.25, 0) (1.35, 0) (1.45, 0) (1.55, 0) (1.65, 0) (1.75, 0) (1.85, 0) (1.95, 0) (2.05, 0) (2.15, 0) (2.25, 0) (2.35, 0) (2.45, 0) (2.55, 0) (2.65, 0) (2.75, 0) (2.85, 0) (2.95, 0) (3.05, 0) (3.15, 0) (3.25, 0) (3.35, 0) (3.45, 0) (3.55, 0) (3.65, 0) (3.75, 0) (3.85, 0) (3.95, 0) (4.05, 0) (4.15, 0) (4.25, 0) (4.35, 0) (4.45, 0) (4.55, 0) (4.65, 0) (4.75, 0) (4.85, 0) (4.95, 0) (5.05, 0)  };
 \addplot[line width = 0.25mm, smooth, red] plot coordinates{
(0.05, 0.997046) (0.15, 0.996238) (0.25, 0.993793) (0.35, 0.989666) (0.45, 0.983792) (0.55, 0.976127) (0.65, 0.966691) (0.75, 0.955591) (0.85, 0.943126) (0.95, 0.929522) (1.05, 0.914995) (1.15, 0.899507) (1.25, 0.882867) (1.35, 0.864744) (1.45, 0.845099) (1.55, 0.824275) (1.65, 0.802676) (1.75, 0.780566) (1.85, 0.757921) (1.95, 0.734549) (2.05, 0.71048) (2.15, 0.685947) (2.25, 0.661071) (2.35, 0.635918) (2.45, 0.610528) (2.55, 0.585032) (2.65, 0.559581) (2.75, 0.534316) (2.85, 0.50936) (2.95, 0.484813) (3.05, 0.460735) (3.15, 0.437139) (3.25, 0.414018) (3.35, 0.391418) (3.45, 0.369418) (3.55, 0.348054) (3.65, 0.327399) (3.75, 0.307688) (3.85, 0.28913) (3.95, 0.271645) (4.05, 0.25499) (4.15, 0.239129) (4.25, 0.224277) (4.35, 0.210546) (4.45, 0.197776) (4.55, 0.185812) (4.65, 0.174809) (4.75, 0.165096) (4.85, 0.156727) (4.95, 0.149331) (5.05, 0.142471)  };
 \addplot[smooth, dashed,red] plot coordinates{
(0.05, 5.62892e-15) (0.15, 5.65102e-15) (0.25, 5.63117e-15) (0.35, 5.60639e-15) (0.45, 5.49517e-15) (0.55, 5.43046e-15) (0.65, 5.30922e-15) (0.75, 5.00987e-15) (0.85, 4.97632e-15) (0.95, 4.75329e-15) (1.05, 4.49445e-15) (1.15, 4.05384e-15) (1.25, 3.75876e-15) (1.35, 3.29593e-15) (1.45, 2.76694e-15) (1.55, 2.39299e-15) (1.65, 1.99197e-15) (1.75, 1.60848e-15) (1.85, 1.41978e-15) (1.95, 1.20724e-15) (2.05, 9.73872e-16) (2.15, 9.16723e-16) (2.25, 7.5507e-16) (2.35, 6.90347e-16) (2.45, 6.27853e-16) (2.55, 5.79784e-16) (2.65, 5.38347e-16) (2.75, 5.10581e-16) (2.85, 4.8072e-16) (2.95, 4.70291e-16) (3.05, 4.35795e-16) (3.15, 4.51117e-16) (3.25, 4.23829e-16) (3.35, 4.34913e-16) (3.45, 4.67724e-16) (3.55, 5.05764e-16) (3.65, 5.57463e-16) (3.75, 6.16057e-16) (3.85, 7.10534e-16) (3.95, 7.55701e-16) (4.05, 8.24031e-16) (4.15, 8.52702e-16) (4.25, 8.3768e-16) (4.35, 8.05156e-16) (4.45, 7.45775e-16) (4.55, 6.92885e-16) (4.65, 6.38901e-16) (4.75, 5.62511e-16) (4.85, 5.09287e-16) (4.95, 4.59606e-16) (5.05, 4.23504e-16)  };
\end{axis}
\end{tikzpicture}
