\begin{tikzpicture}[scale=1.5]
\begin{axis}[grid]
 \addplot[line width = 0.25mm, smooth, black] plot coordinates{
(0.05, 4.75952) (0.15, 4.35813) (0.25, 3.40351) (0.35, 2.36117) (0.45, 1.52124) (0.55, 0.943108) (0.65, 0.576449) (0.75, 0.352766) (0.85, 0.217997) (0.95, 0.136046) (1.05, 0.0842651) (1.15, 0.0485947) (1.25, 0.0200695) (1.35, -0.00735648) (1.45, -0.0379588) (1.55, -0.0744417) (1.65, -0.117038) (1.75, -0.161664) (1.85, -0.198966) (1.95, -0.217912) (2.05, -0.213566) (2.15, -0.190661) (2.25, -0.158707) (2.35, -0.125659) (2.45, -0.0957943) (2.55, -0.0705753) (2.65, -0.0500023) (2.75, -0.0335107) (2.85, -0.0204101) (2.95, -0.0100584) (3.05, -0.00191446) (3.15, 0.00446047) (3.25, 0.00941667) (3.35, 0.0132335) (3.45, 0.0161353) (3.55, 0.0183047) (3.65, 0.0198932) (3.75, 0.0210298) (3.85, 0.0218285) (3.95, 0.022394) (4.05, 0.022828) (4.15, 0.0232332) (4.25, 0.0237159) (4.35, 0.0243817) (4.45, 0.0253145) (4.55, 0.0265224) (4.65, 0.0278405) (4.75, 0.0288392) (4.85, 0.0289061) (4.95, 0.02762) (5.05, 0.0251056)  };
 \addplot[smooth, dashed,black] plot coordinates{
(0.05, 0) (0.15, -1.42256) (0.25, -2.34255) (0.35, -2.65795) (0.45, -2.56844) (0.55, -2.3021) (0.65, -1.99918) (0.75, -1.72142) (0.85, -1.48745) (0.95, -1.29751) (1.05, -1.14564) (1.15, -1.0247) (1.25, -0.928031) (1.35, -0.849578) (1.45, -0.783457) (1.55, -0.723204) (1.65, -0.661323) (1.75, -0.59022) (1.85, -0.505843) (1.95, -0.412336) (2.05, -0.32136) (2.15, -0.244165) (2.25, -0.185141) (2.35, -0.142535) (2.45, -0.112247) (2.55, -0.0903943) (2.65, -0.074103) (2.75, -0.061462) (2.85, -0.0512557) (2.95, -0.0427213) (3.05, -0.0353793) (3.15, -0.0289238) (3.25, -0.0231558) (3.35, -0.0179421) (3.45, -0.0131908) (3.55, -0.00883603) (3.65, -0.00482863) (3.75, -0.00113112) (3.85, 0.00228517) (3.95, 0.00544064) (4.05, 0.00834537) (4.15, 0.0109938) (4.25, 0.0133543) (4.35, 0.0153516) (4.45, 0.0168427) (4.55, 0.0175979) (4.65, 0.01733) (4.75, 0.0158415) (4.85, 0.0132885) (4.95, 0.0102996) (5.05, 0.00765218)  };
 \addplot[line width = 0.25mm, smooth, red] plot coordinates{
(0.05, 1.4434) (0.15, 1.38424) (0.25, 1.23098) (0.35, 1.03488) (0.45, 0.839265) (0.55, 0.666092) (0.65, 0.520865) (0.75, 0.400997) (0.85, 0.301193) (0.95, 0.215864) (1.05, 0.139897) (1.15, 0.0687381) (1.25, -0.00173627) (1.35, -0.0752513) (1.45, -0.154785) (1.55, -0.241384) (1.65, -0.331705) (1.75, -0.414898) (1.85, -0.472699) (1.95, -0.488227) (2.05, -0.459462) (2.15, -0.401361) (2.25, -0.333675) (2.35, -0.270044) (2.45, -0.216248) (2.55, -0.173115) (2.65, -0.139375) (2.75, -0.113229) (2.85, -0.0930039) (2.95, -0.0773326) (3.05, -0.0651626) (3.15, -0.0557043) (3.25, -0.0483742) (3.35, -0.0427454) (3.45, -0.0385106) (3.55, -0.035455) (3.65, -0.0334386) (3.75, -0.0323852) (3.85, -0.0322771) (3.95, -0.033155) (4.05, -0.0351207) (4.15, -0.0383397) (4.25, -0.0430335) (4.35, -0.0494401) (4.45, -0.0576938) (4.55, -0.0675509) (4.65, -0.0779326) (4.75, -0.086558) (4.85, -0.0904654) (4.95, -0.0878618) (5.05, -0.0796576)  };
 \addplot[smooth, dashed,red] plot coordinates{
(0.05, 0) (0.15, -0.306805) (0.25, -0.55313) (0.35, -0.714148) (0.45, -0.799807) (0.55, -0.833512) (0.65, -0.836757) (0.75, -0.824487) (0.85, -0.80576) (0.95, -0.78557) (1.05, -0.766316) (1.15, -0.748673) (1.25, -0.731912) (1.35, -0.713795) (1.45, -0.690105) (1.55, -0.654106) (1.65, -0.596855) (1.75, -0.510347) (1.85, -0.394846) (1.95, -0.265514) (2.05, -0.147212) (2.15, -0.058561) (2.25, -0.00315212) (2.35, 0.0257385) (2.45, 0.0371828) (2.55, 0.0384748) (2.65, 0.0344008) (2.75, 0.0277918) (2.85, 0.0202192) (2.95, 0.0125095) (3.05, 0.00506783) (3.15, -0.00193308) (3.25, -0.00844506) (3.35, -0.0144848) (3.45, -0.0201004) (3.55, -0.0253526) (3.65, -0.0303039) (3.75, -0.0350105) (3.85, -0.0395144) (3.95, -0.0438326) (4.05, -0.047939) (4.15, -0.051733) (4.25, -0.0549862) (4.35, -0.0572601) (4.45, -0.0578002) (4.55, -0.0554742) (4.65, -0.0489577) (4.75, -0.0374885) (4.85, -0.0220904) (4.95, -0.00595144) (5.05, 0.00730309)  };
\end{axis}
\end{tikzpicture}
