\begin{tikzpicture}[scale=1.5]
\begin{axis}[grid]
 \addplot[line width = 0.25mm, smooth, black] plot coordinates{
(0.2, 0.839632) (0.6, 0.494177) (1, 0.244947) (1.4, 0.263508) (1.8, 0.469643) (2.2, 0.627774) (2.6, 0.574129) (3, 0.352839) (3.4, 0.147702) (3.8, 0.0976489) (4.2, 0.184463) (4.6, 0.281805) (5, 0.289607) (5.4, 0.214257) (5.8, 0.132785) (6.2, 0.103555) (6.6, 0.12116) (7, 0.144869) (7.4, 0.149533) (7.8, 0.140636) (8.2, 0.131074) (8.6, 0.120419) (9, 0.102289) (9.4, 0.0827322) (9.8, 0.0780666) (10.2, 0.0952072) (10.6, 0.116853) (11, 0.117723) (11.4, 0.0921349) (11.8, 0.0616314) (12.2, 0.0527444) (12.6, 0.069558) (13, 0.0915292) (13.4, 0.0958316) (13.8, 0.0802554) (14.2, 0.061077) (14.6, 0.0537206) (15, 0.0583332) (15.4, 0.0650406) (15.8, 0.0671336) (16.2, 0.0659704) (16.6, 0.0646395) (17, 0.0617381) (17.4, 0.0548404) (17.8, 0.0465259) (18.2, 0.0447154) (18.6, 0.0524637) (19, 0.0625651) (19.4, 0.0636608) (19.8, 0.052862)  };
 \addplot[smooth, dashed,black] plot coordinates{
(0.2, 2.03177e-15) (0.6, 1.45003e-15) (1, 4.78168e-16) (1.4, 3.27771e-16) (1.8, 8.85441e-16) (2.2, 3.81117e-16) (2.6, 9.23264e-17) (3, 3.74897e-16) (3.4, 1.62412e-16) (3.8, 1.36247e-16) (4.2, 2.41684e-16) (4.6, 1.36641e-16) (5, 1.44228e-16) (5.4, 1.61931e-16) (5.8, 1.18788e-16) (6.2, 1.5107e-16) (6.6, 9.71659e-17) (7, 6.00474e-17) (7.4, 1.97076e-16) (7.8, 6.11335e-17) (8.2, 6.625e-17) (8.6, 1.49553e-16) (9, 6.05246e-17) (9.4, -3.88898e-17) (9.8, 9.8899e-17) (10.2, 5.51901e-17) (10.6, 1.00344e-16) (11, 5.33246e-17) (11.4, 6.71618e-17) (11.8, 9.75063e-17) (12.2, 5.34942e-17) (12.6, -3.61481e-17) (13, 9.62783e-17) (13.4, 4.83662e-17) (13.8, 5.84957e-17) (14.2, 4.78937e-18) (14.6, 4.57332e-17) (15, 5.46838e-17) (15.4, 5.5212e-17) (15.8, 2.11169e-17) (16.2, 1.91003e-17) (16.6, 1.03945e-17) (17, 1.23209e-17) (17.4, -2.90683e-17) (17.8, 7.51458e-19) (18.2, -2.02908e-18) (18.6, 1.73394e-17) (19, 3.92279e-18) (19.4, -3.74025e-17) (19.8, 2.72934e-17)  };
 \addplot[line width = 0.25mm, smooth, red] plot coordinates{
(0.2, 0.839628) (0.6, 0.494173) (1, 0.244943) (1.4, 0.263513) (1.8, 0.469638) (2.2, 0.627769) (2.6, 0.574125) (3, 0.352997) (3.4, 0.147799) (3.8, 0.0976446) (4.2, 0.184511) (4.6, 0.281844) (5, 0.289627) (5.4, 0.21428) (5.8, 0.132795) (6.2, 0.103572) (6.6, 0.121165) (7, 0.144882) (7.4, 0.149536) (7.8, 0.140647) (8.2, 0.131085) (8.6, 0.12042) (9, 0.102299) (9.4, 0.0825569) (9.8, 0.078066) (10.2, 0.0952062) (10.6, 0.116881) (11, 0.117731) (11.4, 0.092143) (11.8, 0.0616393) (12.2, 0.0527521) (12.6, 0.0696383) (13, 0.0915207) (13.4, 0.0958294) (13.8, 0.0802624) (14.2, 0.0611353) (14.6, 0.05373) (15, 0.0583349) (15.4, 0.0650416) (15.8, 0.0671118) (16.2, 0.0659501) (16.6, 0.0646206) (17, 0.0616306) (17.4, 0.0547611) (17.8, 0.0465436) (18.2, 0.044713) (18.6, 0.0524963) (19, 0.0625777) (19.4, 0.0637186) (19.8, 0.0528558)  };
 \addplot[smooth, dashed,red] plot coordinates{
(0.2, 0) (0.6, 0) (1, 0) (1.4, 0) (1.8, 0) (2.2, 0) (2.6, 0) (3, 0) (3.4, 0) (3.8, 0) (4.2, 0) (4.6, 0) (5, 0) (5.4, 0) (5.8, 0) (6.2, 0) (6.6, 0) (7, 0) (7.4, 0) (7.8, 0) (8.2, 0) (8.6, 0) (9, 0) (9.4, 0) (9.8, 0) (10.2, 0) (10.6, 0) (11, 0) (11.4, 0) (11.8, 0) (12.2, 0) (12.6, 0) (13, 0) (13.4, 0) (13.8, 0) (14.2, 0) (14.6, 0) (15, 0) (15.4, 0) (15.8, 0) (16.2, 0) (16.6, 0) (17, 0) (17.4, 0) (17.8, 0) (18.2, 0) (18.6, 0) (19, 0) (19.4, 0) (19.8, 0)  };
\end{axis}
\end{tikzpicture}
